W:
[[ 0  0  0  0  0  0  0 -2 -1  0  0  0]
 [ 0  0  0  0  0  0 -1  0  0  0  0  0]
 [-2  0  0  0 -2  0  0  0  0  0  0 -3]
 [ 0  0  0 -2 -1  0  0  1  0  0  0  0]
 [ 0  0  0  0  0  0  0  0  0  0  0  0]
 [ 0  0  0  0  0  0  0 -1  0  0  0  0]
 [ 0  0  0 -1  0  0  0  0  0  0  0  0]
 [ 0  0  0  0  0 -3  0  0  0  0 -1  0]
 [ 0  0  0  0  0  0  0 -2  0  0  0  0]
 [ 0  0  0 -2  0 -2  0  0  0  0 -1  0]
 [ 0  0  0  0 -3  0 -1  0  0 -3 -1  0]
 [ 0  0  0  0  0  0  0 -1  0  0  0  0]]
Theta: 
[ 0  0 -2 -2  0  0  0 -1 -1  0  0  0]
W:
[[ 0  0  0  0  0  0  0  0 -3  0  0  0]
 [ 0  0  0  0  0  0  0 -1  0  0  0  0]
 [-3  0  0  0  0  0  0  0  0  0  0  0]
 [ 0  0  0  0  0  0  0  0 -1  0  0  0]
 [ 0  0  0 -4  0  0  0  0  0  0  0  0]
 [ 0 -1  0  0  0  0 -3  0  0  0  0  0]
 [ 0  0  0  0  0  0  1  0  0 -1  0  0]
 [ 0  0  0  1  2  0 -1  0  0 -3  0 -1]
 [ 0  2  0  0  0  0  0  0  0  0  0  0]
 [ 0  0 -1  0  0  0  0  0  0  0  0  0]
 [ 0 -2  0  0  0  0  0 -1  0  0  0  0]
 [ 0  0  0 -2  0  0  0 -1  0  0  1  0]]
Theta: 
[ 0  0  0 -2 -2  0 -2  0  0  0  0  0]
Number of Edges: 21

W:
[[ 0  0  0  0  0  0  0  0  0 -3  0  0]
 [ 0  0  0 -1  0  0  0  0 -3 -2  0  0]
 [ 0  0  0  0  0  0  0  0  0  0  0  0]
 [ 0  0  0  4  0  0  0  0  0  0  0  0]
 [ 0  0  0  0  1  0  0  0  0  0  0  0]
 [ 0  0  0  0  0  0 -1  0  0 -1  0  0]
 [ 0  0 -2 -1  0  0 -2  0  0  0  1  0]
 [ 0 -4  0  0  0  0 -1  0  0  0  0  0]
 [ 0  0  0  0  0  0  0 -1  0  0  0  0]
 [-3 -1  0  0  0 -1  0  0  0  0  0  0]
 [-2  0 -1  0 -1  0 -3  0  0  0  0  0]
 [ 0 -2  0  0  0  0 -3  0  0 -1  0  0]]
Theta: 
[ 0  0  0  0  0  0  0  0  0  0  0 -2]
Number of Edges: 25

W:
[[-1  0  0  0  0  0  0  0  0  0  0  0]
 [ 0  0 -1  0 -1 -3  0  0 -3  0  0 -4]
 [ 0  0  0  0  0  0  0  0 -1  0  0  0]
 [ 0  0  0 -3  0 -5  0  0  0  0 -1  0]
 [ 0  0  0  0 -3  0  0  0  0  0  0 -3]
 [ 0  0  0 -3  0  0  0  0  0  0  0  0]
 [ 0 -4  0  0 -3  0  0  0  0  0  0  0]
 [ 0  0  0  0  0  0  0 -2  0  0  0 -1]
 [ 0  0  0  0  0  0  0  0  0  0 -3  0]
 [ 0 -2  0  0  0  0  0  0  0 -2  0  0]
 [ 0  0  0  0  0  0 -2  0 -2  0  0 -1]
 [ 0 -3  0  0  0  0  0  0  0  0  0  0]]
Theta: 
[ 0 -2  0  0  0 -3  0  0  0  0  0 -2]
Number of Edges: 24

W:
[[ 0 -3  0  0  0  0  0  0  0  0  0  0]
 [ 0 -2  0  0  0  0 -1  0  0  0  2  0]
 [ 0 -2  0  0 -2  0 -2  0  1  0  0  0]
 [ 0  0  0  0  0 -2  0  0  0  0  0  0]
 [ 0 -1 -2  0  0  0  0 -1  0  0  0  0]
 [ 0  0  0 -4  0  0  0  0  0  0  0  0]
 [ 0  0  1  0  0  0  0  0  0 -5  0 -1]
 [ 0  0 -1  0  0  0  0 -2  0  0  0  0]
 [ 0  0 -3  0  0  0 -4  0  0  0  0  0]
 [ 0  0  0  0  0  0  0  0  0  0  0  0]
 [ 0  0  0  0  0  0  0  0  0  0  0  0]
 [ 0  0  0  0  0  0  0 -2  0  0  0  0]]
Theta: 
[ 0  0 -3  0  0  0  0  0  0  0  0 -3]
Number of Edges: 21

W:
[[ 0  0  0  0  0  0 -1  0  0  0 -3  0]
 [-2  0  0  0  0  0  0  0  0  0  0  0]
 [ 0  0  0  0  0  0  0  0  0  0 -1  0]
 [ 0  0  0  0 -2 -2 -2  0  0 -1 -1  0]
 [-1  0  0 -2  0  0  0  0  0  0  0  0]
 [ 0  0  0  0  0  0 -1  0  0  0 -1  0]
 [-1  0  0  0  0  0 -1  0 -2  0  0  0]
 [ 0  0  0  0  0  0  0 -4  0  0  0  0]
 [ 0  0  0  0  0  0  0  0  1  0  0  0]
 [ 0  0  0  0  0 -2  0  0  0  0  0  0]
 [ 0  0  0  0  0  0  0  0  0  0 -2  0]
 [ 0  0  0  0  0  1  0 -4  0  0  0  0]]
Theta: 
[ 0 -1  0  0  0  0  0 -1  0  0  0 -3]
Number of Edges: 22

W:
[[ 0  0  0  0  0  0  0 -1  0 -1  0  0]
 [ 0 -3  0  0  0  0  0  0  0 -2  0  0]
 [ 0  0  0  0  0  0  0  0  0  0 -3  0]
 [ 0  0  0  0  0  0  0  0 -2  0  0 -1]
 [ 0  0  0  0  0  0  0  0  0 -1  2 -2]
 [ 0  0  0  0 -1 -2  0  0  0  0  0 -2]
 [ 0  0  0  0 -2  0  0 -2  0  0  0  0]
 [ 0  0  0  0  0 -1  0  0  0  0  0  0]
 [ 0 -4  0  0  0  0  0  0  0 -2  0  0]
 [ 0  0  1  0  0  0  0  0  2  0  0  0]
 [ 0  0  1  0  0  0  0  0  0  0 -3  0]
 [ 0  0  0  0 -1  0  0 -2  0 -3  0  0]]
Theta: 
[ 0  0  0  0  0  0  0  0 -2  0  0 -4]
Number of Edges: 25

W:
[[ 0  0  0 -1  0  0  0  0  0  0 -1  0]
 [ 0  0  0  0  0  0  0  0  0  0 -1  0]
 [ 0  0  0  0  0  0  0  0 -4  0  0  0]
 [ 0 -1 -3  0  0  0 -3  0 -4  2 -3 -3]
 [ 0  0  0  0  0  0  0  0  0  0  0  0]
 [ 0  0  0  0  0  0 -2  0  0  0  0  0]
 [ 0  0  0  0  0  0  0  2  0  0  0  0]
 [ 0  0  0  0  1  2  0  0  0  0 -2  0]
 [ 1  0  0  0 -2  0  0  0  0  0  0  0]
 [-2  0  0  0  0  0  0  0  0  0 -2  0]
 [ 0  0  0  0  0  0  0  0  0  0  0  0]
 [ 0  0  0  0  0 -1  0  0  0  0 -1  0]]
Theta: 
[ 0  0  0  0  0  0  0 -1  0  0  0  0]
Number of Edges: 22

W:
[[ 0  0  0  0  0  0  0  0  0  0  0  0]
 [ 0  0  0  0 -1  0  0  0  0  0  0  0]
 [ 0  0  1 -1  0 -2  0  0  0  0  0  0]
 [-3  2  0  0  0  0  0  0  0  0 -2  0]
 [ 0 -1  0  0  0  0  0  0  0  0  0  0]
 [ 0  0  0  0  0 -1 -2  0  0  0  0 -2]
 [ 0  0  0  0  0  0 -3  0  0  0  0  0]
 [ 0  0  0  0  1  0  0  0  0  0  0  0]
 [ 0  0 -3 -1  1 -3  0  0  0 -2  0  0]
 [ 2  0  0  0  0  0  0  0  0  0  0  0]
 [ 0  0  0 -1  0  0  0 -4  0  0 -2  0]
 [ 0  0  0  0  0  0  0  0  0 -2  0  0]]
Theta: 
[-2  0  0 -2  0  0  0  0  0  0  0 -1]
Number of Edges: 23

W:
[[ 0  0  0  0  0  0  0 -1  4  0  0  0]
 [ 0  0 -2 -1  0  0  0  0  0  0  0  0]
 [ 0 -1  0  0  0  0  0  0  0  0  0 -1]
 [ 0  0  0  0  0  0  0  0  0 -2  0  0]
 [ 0  0  0  0  0 -3  0  0  0  0  0  0]
 [ 0  0 -1  0 -5  0 -1  0 -2  0  0  0]
 [-1  0  0  0 -1  0 -3 -1  0  0  0  0]
 [ 0 -1  0  0  0  0  0  0 -1  0  0  0]
 [ 0  0 -2  0  0  0  0  0  0  0  0 -1]
 [ 0  0  0 -2  0  0  0  0  0  0  0  0]
 [ 0  0  0  0  0  0  0  0  0  0  0  0]
 [-1  0 -3  0  0  0  0 -3  0  0  0  0]]
Theta: 
[ 0 -2  0  0  0  0  0 -2  0  0  0  0]
Number of Edges: 24

W:
[[-2  0  0  0  0  1  0  0  0  0  0  0]
 [ 0  0  0  0  0  0  0  0  0  0  0  0]
 [ 0  0  0  0  0  0  0  0  0  0  0  0]
 [ 0  0 -1  0  0  0  0  0  0  0  0  0]
 [ 0  0  0  0  0  0 -1  0 -1  0  0 -2]
 [ 0 -3  2  0  0  0 -1 -2  0  0  0  0]
 [ 0  0  0  0  0  0 -2  0  0  0  0  0]
 [-2  0  0  0  0 -2  0  0  0  0  0  0]
 [ 2  0  0  0  0 -1  0  0  0 -1 -3  0]
 [ 0  0  0  0  0  0  0 -1 -4  2  0  0]
 [ 0  0  0  0  0  0  0  0 -2 -1  0  0]
 [-2  0  0  0  0 -3  0  0  0  0  0  0]]
Theta: 
[ 0  0  0  0  0  0  0 -2  0  0 -3  0]
Number of Edges: 24

W:
[[-3  0  0  0 -2  0  0  0  0  0  0  0]
 [ 0  0  0  0  0 -1 -2  0  0 -2 -1  0]
 [ 0  0  0  0  0  0  0  0  0  2  0  0]
 [ 0  0  0  0  0  0  0  0 -1  0  0 -1]
 [ 0 -1  0  0  0  0  0  0  0  0  0  0]
 [ 0  0  0  0  0  0  0  0  0  0 -1  0]
 [-1  0  0  0  0  0  0 -1 -2  0  0  0]
 [ 0 -2  0  0  0  0  0  0  0  0  0 -4]
 [ 0  0 -4  0  0  0  0  0  0  0  0  0]
 [ 0  0  0  0  0  0  0  0  0  0  0  0]
 [ 0  0  0 -3  0 -4  0  0  0  0  0 -3]
 [ 0  0  0  0  0  0  0  0  0  0  0  0]]
Theta: 
[-1  0  0  0  0 -1  0 -1  0 -2 -1  0]
Number of Edges: 20

W:
[[ 0  0  0  0  0  0  0  0 -1  0  0  0]
 [ 0  0  0  0  0 -3  0  0  0  0  0  0]
 [ 0  0  0  0  0  0  0  0  0  0  0  0]
 [ 0  0  0  0  0  0  0  0  0 -1  0  1]
 [-1  0 -1  0 -4  0  0  0  0  0  0  0]
 [ 0  0  0 -1  0  0  0  0  0  0  0  3]
 [ 0  0  0  0  0 -3  0  0  0  0  0  1]
 [ 0  0  0  0  0  0  0  1  0  0  0  0]
 [ 0  0  0  0  0  0  0 -1  0  0  0  0]
 [ 0  0  0  0 -1  0  0  0  0  2 -4  0]
 [-1  0  0  0  0  0 -4  0  0  0  0  0]
 [ 0 -2  0  0  0  1  0  0  0  0  0  0]]
Theta: 
[ 0  1  0 -4  0  0  0  0  0  0  0  0]
Number of Edges: 20

W:
[[ 0  0  0  0  0  0 -1  0  0  0  0  0]
 [ 0  0 -1  0  0  0 -3 -2  0  0  0  0]
 [ 0  0 -2  0  0  0  0  0  0  0  0  0]
 [ 0  0  0  1  0  0  0  0  0  0  0  0]
 [ 0  0 -2  0  0  0  0  0  0  0  0  0]
 [ 0  0  0  0 -1  0  0  0  0  0  0  0]
 [ 0  0  0  0  0  0  0  0  0  0  0  0]
 [ 0  0  0  0  0  0  0 -1  0  0  0  0]
 [ 0  0  0  0  0  0  0  0  0  0  0  0]
 [ 0  0  0  0 -1  0  0  0  0 -3  0  0]
 [ 0  0 -1  0  0  0  0  0  0 -1  0  0]
 [ 0  0  0  0  0  0  0 -1 -2  0  0  0]]
Theta: 
[ 0  0 -1  0 -2  0  0 -1 -1  0  0  0]
Number of Edges: 15

W:
[[ 0  0  0  0  0  0  0 -1  0  0  0  0]
 [ 0  0  0  0  0  0  0  0  0  0 -1  0]
 [ 0  0  0  0  0  0  0 -1  0  0  0  0]
 [ 0  0  0  0  0  0  0  0  0  0  0  0]
 [ 0  0 -3  0  0  0  0  0  0  0  0  0]
 [-1  0  0  0  0  0 -2  0  0  0  0  0]
 [ 0  0  0  0  0  0  0  0 -2  0 -1  0]
 [ 0  0  0  0  0  0  0  0  0  0 -1  0]
 [-2  0  0  0  0 -1  0  0 -1  0  0 -3]
 [ 0  0  0  0 -1 -3  0  0  0  0 -3  0]
 [-1  0  0  0  0  0  0  0  0  0  0  0]
 [ 0  0  0  0 -1  0  0  0  0  0  0  0]]
Theta: 
[-1  0  0  0  0  0 -1 -1  0  0 -1  0]
Number of Edges: 18

W:
[[ 0  0  0  0  0  0 -1 -2  0 -4  0  0]
 [-1  0  0  0  0  0  0  0 -1  0  0  0]
 [-1  0  0  0  0 -2  0  0  0  0  0  0]
 [ 0 -1 -2  0  0  0  0  0  0  0  0 -1]
 [ 0  0 -1  2  0  0  0  0  0  0  0  0]
 [ 0  0  0  0  0  0  0  0 -1  0  0  0]
 [ 1  0 -1  2  0  0  0  0  0  0  0  0]
 [ 0  0  0  0 -3  0  0  0 -2  0 -3  0]
 [ 0  0 -2  0  0  0  0  0  0  0  0  0]
 [ 0  0 -5  0  0  0  0  0  0  0 -3  0]
 [ 0  0  0  0  0  0  0  0  0 -3  0  0]
 [-2  0  0  0  0  0  0  0  0 -4  0  0]]
Theta: 
[-1  0  0  0 -2  0  0  0 -1 -2 -3 -2]
Number of Edges: 25

W:
[[ 0  0  0  0  0  0  0  0  0  0 -1 -1]
 [-2  0  0  0  0  0  0  0  0  0  0 -2]
 [ 0  0  0  0  0  0  0  0  0  0  0  0]
 [ 0  0 -2  0  0  0  0  0  0  0  0  0]
 [ 0  0  0  0  0  0  0 -2  0  1  0  0]
 [ 0  0  0  0  0  0  2  0  0  0  0  0]
 [-2  0 -2  0  0 -2  0  0  0  0  0  0]
 [ 0  0  0  0  0  0  0  0  0  0 -3  0]
 [ 0  0  0  0  0 -1  0 -2  0 -2  0 -1]
 [ 0  0  0  0  0 -3 -1  0  0 -1  0  0]
 [ 0  0  0  0  0  0  0  0  0  0 -2  0]
 [ 0  0  0  0  0  0  0 -2  0  0  0  0]]
Theta: 
[ 0  0  0  0  0  0 -1  0  0  0 -2  0]
Number of Edges: 21

W:
[[ 0  0  0  0  0  0  0  0  0  0  0  2]
 [ 0  0  0  0  0  0  0  0 -1  0  0  0]
 [ 2  0  0  0  0  0  0  0  0  0  0  0]
 [ 0  0  0  0  0  0  0 -1  0  0 -2  0]
 [ 0  0  0 -3  0  1 -2  0  0  0  0  0]
 [ 0  0 -5  0 -3  0  0  0  0  0 -2  0]
 [ 0  0  0  0  0  0  0  0  0  0  0  0]
 [-2  0  0  0  0  0  0  0  0  0  0 -2]
 [-1  0  0  0  0  0  0 -1  0  0  0  0]
 [ 0  0  0  0  0  0  0  0 -4  0  0  0]
 [ 0 -4  0  0  0  0 -1  0  0  0 -3  0]
 [ 0  0  0  0  0 -2  0  0  0  0  0  0]]
Theta: 
[ 0  0  0  0  0 -2 -2  0  0  0  0 -1]
Number of Edges: 20

